"A" "B" "C" "D"
"1" 5697.85 4274.63 3443.46 2188.63
"2" 3305.24 5190.9 1012.56 1459.63
"3" 4643.24 4712.98 2565.48 3872.68
"4" 5750.45 5946.04 5638.32 1726.71
"5" 5683.33 6264.91 1489.46 2802.22
"6" 5580.22 5227.63 7341.81 5017.99
"7" 3785.73 2404 6973.51 1745.32
"8" 5753.49 3799.05 5423.69 3930.44
"9" 5454.27 4888.95 5522.81 1585.31
"10" 4831.95 5264.79 2070.78 2828.08
"11" 5992.85 5991.72 2598.85 3442.62
"12" 2625.72 4223.75 5878.27 2528.66
"13" 3611.53 4018.36 6960.85 2538.68
"14" 3929.14 5218.47 5688.94 1572.98
"15" 5887.87 5262.02 1383.81 2888.63
"16" 6693.07 3512.16 2474.53 3198.19
"17" 4120.56 3681.25 6034.32 2632.47
"18" 3866.11 7051.47 5162.81 1159.52
"19" 5226.02 3591.99 7151.35 2503.86
"20" 5091.45 2694.5 6981.21 2863.05
"21" 5431.53 5106.31 4844.73 2648.71
"22" 3345.88 3134.14 5333.1 1593.79
"23" 5431.44 4391.3 5413.11 2655.82
"24" 6808.1 4551.15 6375.72 2168.9
"25" 5500.9 4367.84 4785.75 3488.91
"26" 5242.11 4435.59 2164.62 2881.52
"27" 6307.88 3929.97 1527.75 3294.8
"28" 3769.24 6250.74 2803.51 2050.08
"29" 1662.04 2709.79 5712.23 3373.34
"30" 3614.46 3468.19 3330.19 1486.48
"31" 6084.57 4236.69 4026.32 1809.73
"32" 3274.33 5236.9 5089.81 3462.55
"33" 4631.18 5304.25 7016.26 2547.47
"34" 2841.48 2372.54 5018.32 2583.53
"35" 4847.01 5590.01 2796.95 2924.47
"36" 3353.66 4235.88 2653.87 2162.13
"37" 3908.37 3025.03 5179.1 5270.98
"38" 6624.24 5199.79 7476.82 4300.68
"39" 5261.01 3445.6 3165.64 1620.27
"40" 4491.76 3145.37 4895.4 3895.06
"41" 4629.26 5014.74 3217.77 5448.61
"42" 6213.86 5146.44 1426.31 2611.68
"43" 5988.35 4363.3 4898.1 2283.48
"44" 5490.37 4364.83 6432.56 4162.32
"45" 4547.98 4578.48 6113.56 1369.62
"46" 5301.14 4001.9 2585.68 4270.31
"47" 5656.23 2686.52 2326.88 3101.94
"48" 5017.39 4174.47 3424.55 3257.87
"49" 6224.09 5716.42 5655.7 1331
"50" 6361.44 3609.38 3647.08 2702.19
"51" 6278.58 4704.5 1913.3 4117.04
"52" 4394.89 6755.14 3952.54 2351.47
"53" 4094.39 4868.7 6433.24 2141.87
"54" 6198.9 4827.78 1389.18 3422.68
"55" 6414.45 6046.9 4782.61 3835.89
"56" 4795.15 4317.14 4063.12 3348.06
"57" 5534.95 4730.47 5193.96 1570.23
"58" 1866.3 6294.79 2920.36 2868.58
"59" 3840.2 5452.75 6432.85 1467.81
"60" 4345.85 4955.68 6367.47 4025.86
"61" 5741.37 4013.83 1477.28 3702.19
"62" 6620.18 4548.75 4723.37 2638.3
"63" 2787.07 6274.47 1243.2 2425.66
"64" 5264.59 5569.89 4580.36 2319.6
"65" 5762.87 7018.15 3112.37 1731.29
"66" 4927.49 3453.55 5308.6 4386.78
"67" 4916.46 5102.22 3044.62 2738.77
"68" 2737.94 4830.39 2776.03 3577.93
"69" 2784.92 4422.28 2500.54 3531.73
"70" 3679.22 4467.64 1587.75 2430.02
"71" 4325.66 5287.68 2488.12 2098.66
"72" 3890.1 3937.39 3163.39 2808.39
"73" 4895.14 4069.45 6651.39 4430.81
"74" 5839.46 3307.7 1804.96 3935.5
"75" 3974.78 4287.56 6844.93 2480.62
"76" 4439.97 2209.7 6523.11 1975.65
"77" 2784.87 4254.76 5391.26 3233.79
"78" 4187.13 4422.7 2413.41 2116.77
"79" 5802.04 4060.62 7386.04 2080.01
"80" 5986.89 3457.89 4320.44 3852.65
"81" 4870.45 2049.37 7194.81 4457.88
"82" 4003.64 4107.7 6821.8 5252.73
"83" 3387.45 4188.23 6773.03 2180.96
"84" 3133.79 5604.39 5812.77 1887.92
"85" 4367.98 5186.55 1414.97 6337.36
"86" 3078.38 4653.77 1618.12 2478.71
"87" 2973.48 3350.19 3800.88 2225.2
"88" 2665.92 4300.26 2357 2575.56
"89" 6224.69 5110.45 6138.89 3227.13
"90" 5338.23 4424.87 5641.59 2943.4
"91" 5694.06 4747.77 6119.18 4571.79
"92" 2489.28 5553.74 4432.2 1697.65
"93" 5519.54 5798.41 2871.13 1444.57
"94" 6691.8 3460.64 6025.82 3273.33
"95" 3060.45 1883.98 6810.12 3338.96
"96" 5638.22 1182.75 1198.56 1867.94
"97" 3820.03 2712.61 4607.73 3375
"98" 5905.81 3674.27 3312.7 4878.26
"99" 5138.32 4983.08 2912.55 2517.75
"100" 4847.7 4896.96 3068.79 3396.64
"101" 5221.58 4779.81 1582.11 2645.57
"102" 3483.74 5315.47 5333.76 8176.17
"103" 4815.99 3719.11 6104.94 3498.68
"104" 3294.79 1963.71 5087.56 6075.85
"105" 4672.94 2762.02 1130.91 4623.33
"106" 3193.96 5021.96 6592.02 3244.77
"107" 4493.92 6805.35 5776.23 3828.82
"108" 5703.69 5203.82 1144.16 3947.7
"109" 4478.44 5885 3982.58 4572.8
"110" 2849.85 5518.58 1331.58 3516.27
"111" 5330.94 4838.07 6836.89 4894.32
"112" 5318.87 4010.35 6432.07 2597.22
"113" 6687.16 4168.8 2793.91 2610.69
"114" 4013.93 4534.24 6727.91 2881.58
"115" 3458.55 5096.84 5989.09 2624.4
"116" 5116.7 3687.2 1116.06 2277.02
"117" 5125.2 2946.41 2353.25 2864.14
"118" 4992.23 3459.82 2669.85 3208.96
"119" 4436.86 4673.88 2392.31 2815.82
"120" 6016.5 4349.13 3420.63 3837.7
"121" 5403.55 7042.21 4344.09 3256.3
"122" 4123.9 4971 1351.55 3661.99
"123" 2590.95 2453.58 6711.66 1973.82
"124" 6220.86 5844.4 2248.06 4737.97
"125" 2735.67 4899.02 3488.95 2925.8
"126" 5139.41 5596.17 1113.99 2060.93
"127" 3048.62 4395.14 1366.46 3617.93
"128" 4076.56 2934.31 1327.1 4098.85
"129" 3892.16 4460.4 6872.57 3402.18
"130" 5097.89 4204.1 3649.38 2196.57
"131" 2632.57 2510.58 6398.28 2891.62
"132" 2878.92 4062.35 2457.15 3427.84
"133" 5592.31 4162.41 6543.63 2430.94
"134" 4918.08 4704 4741.37 5226.02
"135" 3203.98 4069.89 2589.86 2488.94
"136" 4582.37 4764.8 3409.1 2133.69
"137" 4067.52 4702.56 4640.58 5303.84
"138" 3711.18 4521.88 6327.07 1678.44
"139" 5532.4 4571.88 3579.26 2386.3
"140" 5226.07 4281.99 4337.17 2392.03
"141" 5103.29 5002.51 1134.61 4348.65
"142" 6459.68 2421.64 6065.66 1961.39
"143" 5902.61 4261.41 2652.58 1400.42
"144" 4384.87 4467.38 5631.09 4523.32
"145" 4941.45 4210.69 5754.57 2844.45
"146" 4186.25 2518.37 7264.12 5440.12
"147" 4271.01 5551.31 1096.49 3928.73
"148" 4965.32 3715.63 5005.58 2754.35
"149" 5409.75 4525.26 3062.19 3673.39
"150" 3034.6 4020.89 3216.32 3474.98
"151" 5267.32 5196.71 3918.55 1578.84
"152" 5674.25 3490.12 2316.9 1485.76
"153" 5325.93 4754.71 5288.75 5503.92
"154" 4793.34 3752.09 3914.36 2900.35
"155" 4930.06 3607.94 3461.07 2733.33
"156" 2582.56 3527.04 6412.12 3540.77
"157" 4950.51 2000.1 1595.68 2684.2
"158" 3545.43 6541.51 7381.06 2861.98
"159" 6698.33 3720.72 1600.28 6202.85
"160" 5323.69 6091.65 3082.66 4359.64
"161" 6233.02 4458.82 5983.53 6246.21
"162" 3825.16 2181.25 3396.03 3586.36
"163" 6026.41 4619.25 2564.34 4069.21
"164" 5658 1151.16 4284.54 2437.75
"165" 5985.92 5272.59 1805.17 5104.82
"166" 6649.44 3505.85 1377.09 5972.88
"167" 3988.1 3225.77 6373.46 4879.93
"168" 3393.45 4087.53 2385.26 4322.77
"169" 6163.16 5646.89 3331.95 3760.44
"170" 3856.83 3924.09 4297.74 1733.8
"171" 2427.77 7034.8 1790.92 1284.19
"172" 5932.22 1376.5 2207.98 1608.77
"173" 4699.78 6365.09 4247.97 2430.81
"174" 4821.95 3499.59 4033.32 1396.89
"175" 5368.6 2302.25 6969.5 4056.72
"176" 6300.98 1195.13 7326.92 5316.44
"177" 5129.04 4702.73 1262.58 4276.8
"178" 2705 6597.88 5088.51 3330.68
"179" 2140.46 4270.44 7285.99 2337.15
"180" 5349.56 4123.56 6086.47 6175.77
"181" 4921.8 6755.25 2563.64 2169.6
"182" 4765.88 4763.28 3220.56 2065.35
"183" 6449.86 4603.1 6941.58 2217.21
"184" 3244.04 5628.98 2735.72 3477.72
"185" 5768.09 6389.04 3612.2 4457.27
"186" 1160.46 3411.84 1761.92 3322.77
"187" 5150.79 5498.3 1223.12 2322.64
"188" 3690.68 7321.05 1558.94 3835.09
"189" 5163.74 3455.71 1968.02 2629.16
"190" 6527.13 3155.87 5082.58 2968.75
"191" 4559.66 4525.07 2054 3014.74
"192" 2986.05 5621.65 4925.51 2502.58
"193" 6241.05 4574.68 4514.69 4134.72
"194" 3854.47 3200.47 4239.26 3783.23
"195" 5205.93 3416.13 6556.06 1765.2
"196" 5287.42 4803.91 1140.12 8866.08
"197" 4018.32 4440.03 2859.58 3250.96
"198" 2996.83 6452.35 6393.12 1323.37
"199" 4973.19 4578.52 1077.76 2533.98
"200" 5735.43 3984.17 4312 2253.43
"201" 4010.98 4114.81 7154.09 2030.82
"202" 2331.23 5399.46 1304.4 2676.97
"203" 3247.74 3876.11 6745.32 5048.54
"204" 2129.53 4360.14 4711.28 2233.09
"205" 5113.84 5540.09 7254.36 2852.84
"206" 5571.57 4056.98 1688.36 3037.31
"207" 2474.09 3380.28 4625.43 2000.07
"208" 6605.76 4613.54 2401.22 5817.51
"209" 4279.13 2923.53 1746.39 2351.06
"210" 2697.9 3639.8 6703.26 2310.58
"211" 6582.65 2878.79 2846.82 3724.13
"212" 4690.4 4886.45 1101.66 2162.04
"213" 4181.94 4430.84 2583.6 1592.55
"214" 6676.67 4335.18 2936.27 5413.44
"215" 6312.21 5478.77 2987.83 1877.71
"216" 5989.73 3638.14 2492.97 2947.27
"217" 5086.71 5497.09 3068.48 2627.96
"218" 5135.32 6660.82 2036.23 3300.32
"219" 5766.24 3136.22 3494.02 3441.07
"220" 4329.71 2667.4 3780.25 5711.66
"221" 4872.24 5989.64 6758.58 2994.87
"222" 3825.45 5153.42 5409.46 3654.42
"223" 5512.79 6306.61 1212.3 4562.67
"224" 5087.04 5911.85 4345.4 3385.55
"225" 4671.03 2518.79 4388.55 3078.23
"226" 5328.98 5218.87 6137.41 3094.29
"227" 4970 3570.64 6947.17 3097.96
"228" 5331.88 2627.32 6544.25 3883.57
"229" 4454.23 5576.15 3593.17 3401.93
"230" 4376.63 2935.88 1922.03 5908.27
"231" 6485.98 3411.51 5870.69 2372.24
"232" 6167.17 5972.6 3990.12 4183.7
"233" 5427.01 4542.91 4546.7 3727.44
"234" 3645.46 5093.56 4333.1 3239.83
"235" 4948.69 5052.12 4290.34 1099.3
"236" 5607.7 5176.01 6763.87 1990.53
"237" 5738.18 3927.74 5870.21 1969.18
"238" 3165.88 4215.56 3384.73 4143.45
"239" 5255.07 4270.4 1101.06 2716.69
"240" 6378.52 4942.21 3952.78 1436.43
"241" 5370.01 3953.92 1078.6 4830.46
"242" 5700.38 4147.08 5987.12 1773.65
"243" 2387.99 4198.3 4406.33 3753.05
"244" 5609.53 3494.86 1050.59 7121.35
"245" 5928.12 3616.09 6307.19 3178.62
"246" 2417.92 6060.29 3618.57 3861.64
"247" 4893.78 3060.95 4173.46 5983.21
"248" 6246.89 3485.1 2758.74 3254.75
"249" 5822.26 4360.96 4584.62 2669.6
"250" 5003.63 3830.21 7465.21 4577.13
"251" 5717.13 4268.05 5487.54 3266.25
"252" 5245.12 1815.68 4539.46 3823.18
"253" 3950.49 4593.95 2893.58 2642.14
"254" 3323.1 5025.39 7212.51 3277.2
"255" 5462.9 2961.88 5180.58 1597.32
"256" 4116.65 4062.83 2454.6 3022
"257" 4744.5 2377.69 3721.93 3054.1
"258" 6897.63 5842.61 6141 3170.22
"259" 6018.47 4059.75 3991.14 4752.72
"260" 3658.61 4552.23 3881.71 2668.33
"261" 4524.45 3798.42 3043.01 3606.22
"262" 1554.81 4128.58 1241.54 3888.66
"263" 2900.9 5254.2 6038.24 2529.68
"264" 6740.8 4737.2 2848.16 5031.36
"265" 4410.2 4136.5 2288.57 3142.07
"266" 6041.72 3691.29 7125.71 4281.94
"267" 4177.5 3060.13 1312.33 7483.68
"268" 4962.2 2237.53 1415.2 4594.54
"269" 4347.51 2985.02 1393.9 3163.83
"270" 3802.87 4078.82 2547.24 3758.61
"271" 6480.12 2956.05 2638.12 5722.3
"272" 3998.92 3752.82 4952.54 2504.3
"273" 5055.33 3336.4 1553.17 4319.1
"274" 5794.31 4525.52 1398.6 3114.44
"275" 6143.55 6073.55 1474.9 2016.55
"276" 5238.65 6077.02 3664.11 2773.3
"277" 6606.33 2663.98 4290.35 1945.28
"278" 3485.56 5331.62 2765.19 3759.93
"279" 5455.01 3059.41 6813.91 2575.75
"280" 6095.11 3705.65 5100.59 3801.17
"281" 5235.03 4246.09 2912.68 2478.89
"282" 2813.04 4809.46 3372.72 2229.34
"283" 4524.81 5149.21 6675.22 3463.43
"284" 6082.91 4893.92 3730.57 2647.48
"285" 4028.65 4002.21 4427.89 9570.73
"286" 2883.47 7289.18 1187.39 2158.6
"287" 3884.6 6426.26 2737.06 2099.53
"288" 3177.13 6305.09 5431.83 3043.86
"289" 2013.53 5275.8 2247.57 3372.68
"290" 4843.5 3883.5 3217.64 4472.04
"291" 5217.14 3849.3 2029.94 5101.37
"292" 4860.06 5415.45 3460.61 3117.95
"293" 2628.02 7201.23 5572.66 2203
"294" 5400.18 5774.35 4953.44 3321.14
"295" 4835.32 4697.7 5523.39 2654.95
"296" 5758.87 4658.37 2523.94 1289.88
"297" 2034.75 6285.6 6097.66 7999.69
"298" 5876.16 4641.35 4915.18 5101.41
"299" 6217.81 3464.81 2085.64 2123.07
"300" 3716.26 5266.32 7428.88 4428.55
"301" 3823.2 4435.6 4733.16 5152.67
"302" 2795.2 3888.71 1279.09 3161.41
"303" 6230.75 3961.68 6265.41 4139.65
"304" 3724.48 2866.21 7084.76 4920.51
"305" 4317.32 6321.15 4260.23 3749.7
"306" 5425.2 3549.05 2285.16 3588.74
"307" 4982.5 5278.21 3575.03 3813.5
"308" 4163.32 3753.96 6422.96 2136.24
"309" 5170.78 5829.65 4205.51 4081.89
"310" 6435.58 5898.27 3421.81 3803.6
"311" 4588.04 4431.56 2311.63 3281.12
"312" 5809.51 3602.43 6561.54 3863.02
"313" 2174.36 3126.05 6668.17 862.29
"314" 4898.99 6450.01 7102.87 2624.48
"315" 4127.16 5655.02 7374.99 4619.24
"316" 4840.81 4524.3 7145.02 1630.96
"317" 5257.93 3234.78 5970.55 2640.9
"318" 3335.36 5661.24 6154.79 3279.93
"319" 4405.68 3232.13 2832.98 2973.23
"320" 5035.84 2341.32 3523.78 4279.84
"321" 3576.87 3482.16 6577.76 3565.51
"322" 5545.59 3859.94 2926.94 3319.41
"323" 6377.75 2191.86 4390.52 3399.7
"324" 3030.98 5387.21 3041.83 1970.87
"325" 3342.33 4859.48 5035.67 4184.17
"326" 4199.17 5573.82 6814.73 2540.29
"327" 4595.94 3506.52 6386.12 4185.83
"328" 4299.2 3153.76 5689.61 3488.2
"329" 5330.93 3372.48 4296.83 3918.06
"330" 2625.69 3769.52 7160.27 3264.36
"331" 6641.93 4003.33 3781.4 3271.96
"332" 4259.87 3618.02 3775.97 3040.35
"333" 5322.31 2802.88 2711.05 2427.56
"334" 6234.13 3481.1 5239.39 2695.48
"335" 3961.19 5834.26 6892.79 2614.13
"336" 4265.47 3095.39 3578.65 4536
"337" 3854.38 3374.53 2018.99 4707.34
"338" 5706.02 6619.09 3902.74 3250.72
"339" 5760.2 5282.07 3341.48 2029.91
"340" 4085.59 4426.05 1131.64 1561.54
"341" 5522.56 2165.64 4414.94 5337.07
"342" 4257.83 5309.51 4186.19 5199.4
"343" 5220.47 5610.23 6653 4180.16
"344" 2729.89 4732.81 1602.39 4239.39
"345" 6759.21 2707.04 6832.27 3190.47
"346" 3782.39 7225.86 1828.53 1794.32
"347" 6512.42 4212.93 1346.8 2186
"348" 6264.54 5558.69 6353.46 5123.48
"349" 6622.44 3907.69 3726.05 3896.75
"350" 5490.01 4187.78 5907.26 4133.91
"351" 4522.21 2663.39 1517.35 4733.17
"352" 6487.69 3845.08 4299.14 4245.61
"353" 5172.41 1575.18 1560.11 4049.34
"354" 4764.09 5429.18 2406.37 5336.35
"355" 4012.72 4877.19 5133.14 2789.86
"356" 5538.23 4857.31 2961.08 4136.03
"357" 4494.45 5766.32 3147.91 3992.05
"358" 5274.6 8540.12 5780.31 3368.72
"359" 3670.78 4682.01 3758.51 4957.48
"360" 4030.69 5847.67 1795.43 3462.75
"361" 3370.26 4477.97 2079.76 2420.07
"362" 4424.35 4558.62 1871.84 3046.63
"363" 4820.68 4131.13 4872.86 3411.24
"364" 5925.16 3147.56 4841.38 4251.05
"365" 5198.33 4388.53 2224.28 928.89
"366" 5070.1 5683.07 5831.42 2147.71
"367" 5209.54 6262.1 4719.42 2252.11
"368" 4016.41 4142.62 6819.99 3217.26
"369" 3446.54 1897.24 7054.96 2794.99
"370" 2685.96 6088.38 6684.4 1988.85
"371" 4388.61 5421.18 4436.05 1092.44
"372" 5272.67 3690.01 3000.74 2929.85
"373" 5997.98 3840.53 6159.29 1505.66
"374" 5847.5 4646.11 1349.27 3385.4
"375" 5876.3 3753.19 2982.88 8231.67
"376" 4133.55 3275.99 4121.52 4902.17
"377" 5323.32 6551.17 2174.42 2513.46
"378" 5361.97 1323.58 7103.17 4160.93
"379" 4735.98 4487.1 2222 3463.44
"380" 3286.64 3332.35 5323.4 2587.96
"381" 3752.91 4811.48 4456.4 3742.02
"382" 5704.92 5595.29 6793.27 3750.82
"383" 4400.17 5322.42 1261.29 3082.63
"384" 5675.11 5528.68 3157.56 1725.65
"385" 3775.12 4201.8 3667.49 3380.1
"386" 5517.51 4924.65 1191.69 3199.49
"387" 1514.76 5600.45 2382.81 3268.59
"388" 4398.78 4417.45 3225.87 3910.78
"389" 5057.36 3674.76 4967.62 2153.71
"390" 6215.69 5465.99 2998.51 5650.6
"391" 2882.2 5507.67 4896.05 3048.44
"392" 5257.73 3209.81 5010.29 4053.14
"393" 4328.4 4239.86 4941.99 2576.12
"394" 6366.65 5309.23 1011.31 2730.21
"395" 5874.51 4406.78 4807.33 2726.92
"396" 6232.77 3477.33 5538.28 2380.9
"397" 6065.8 6354.07 1873.55 2369.07
"398" 2966.82 3127.05 1805.96 3436.3
"399" 4738.06 4209.72 1650.89 2685.26
"400" 2859.2 5552.84 4545.42 1679.51
"401" 3688.79 5507.43 1078.77 4556.57
"402" 2402 5070.86 1468.86 2864.68
"403" 5081.88 3044.28 2084.02 4990.07
"404" 5292.24 2891.31 3236.8 1476.11
"405" 6025.96 4745.37 1041.78 2812.49
"406" 6047.06 6025.5 2694.17 2992.62
"407" 3926.35 5317.82 2722.38 3907.61
"408" 6966.52 7098.07 3219.22 2610.19
"409" 4425.25 3738.7 1657.01 7277.15
"410" 4803.57 4348.02 2292.87 2505.25
"411" 5961.94 6591.73 4975.26 2316.86
"412" 1988.55 6341.74 1762.84 1819.44
"413" 6787.89 3805.75 5919.31 2651.64
"414" 4005.19 6036.28 1317.41 2722.64
"415" 6267.69 4503.78 3663.32 1860.54
"416" 5939.24 4857.08 5753.84 4004.5
"417" 4512.77 4832.31 5024.45 3841
"418" 4770.85 4102.55 4158.57 4426.55
"419" 5809 2669.16 6030.95 1323.57
"420" 4248.92 3286.84 1706.43 2499.2
"421" 3179.56 4878.56 2179.74 2584.78
"422" 2930.71 5636.67 3238.72 3558.99
"423" 3123.83 5605.55 5128.56 3522.8
"424" 4290.95 3054.54 1537.09 4601.15
"425" 4207.61 3955.56 3697.31 6323.67
"426" 3503.86 6026.35 7343.03 3588.82
"427" 3118.03 3222.77 1836.96 2539.05
"428" 4641.89 4324.4 1282.51 5272.23
"429" 3150.99 3290.2 4486.64 2097.66
"430" 2506.49 3961.18 1122.96 2074.49
"431" 4690.42 5726.52 3427.55 3346.44
"432" 4229.38 3626.34 7113.3 3597.3
"433" 4176.83 3847.39 6569.56 3458.28
"434" 4402.18 4061.4 6213.67 1686.96
"435" 6245.56 2471.32 5953.16 3303.92
"436" 2228.4 4610.45 1153.35 1805.04
"437" 5710.53 4742.56 6540.13 3781.14
"438" 4367.88 3499.01 2623.94 3275.18
"439" 4843.85 3531.6 4871.07 3823.75
"440" 5340.11 3717.61 1664.42 3306.98
"441" 4133.33 2069.47 6867.24 3465.58
"442" 4862.52 4291.25 6489.58 2558.65
"443" 6047.4 6164.35 3871.88 3227.89
"444" 4749.86 4317.98 4892.43 2134.61
"445" 3163.56 3471.12 6296.77 2194.94
"446" 5890.11 4977.87 2198.65 3938.96
"447" 3967.18 5593.55 4461.03 3961.59
"448" 5006.21 6130.39 1683.69 1485.72
"449" 3914.58 5029.75 7427.87 2168.59
"450" 3837.56 3850.58 3100.56 3464.69
"451" 6647.06 4225.12 4344.94 1655.85
"452" 5469.24 4371.45 6984.31 1944.45
"453" 5355.46 5023.03 6162.63 2451.54
"454" 2800.2 3222.41 4452.64 2008.79
"455" 3447.18 2466.82 4498.53 4093.15
"456" 4158.65 4962.26 5051.5 1953
"457" 4206.93 1707.37 2051.23 2447.05
"458" 5508.76 4793.72 3457.79 3362.17
"459" 4269.71 3518.64 3723.03 2322.03
"460" 3327.57 3113.73 4285.25 5530.27
"461" 1340.99 2661.01 1874.08 2356.38
"462" 2764.26 3294.42 6946.84 4073.31
"463" 4247.81 5658.61 4077.55 4161.93
"464" 5320.02 4736.92 3538.55 2747.82
"465" 4252.03 6314.7 1839.68 4282.11
"466" 4387.85 4787.66 4727.49 4565.98
"467" 5695 5370.23 2419.22 1506.3
"468" 4007.11 3735.61 2296.52 2176.18
"469" 2386.41 3882.41 5055.11 1728.31
"470" 3933.72 5501.39 2989.21 1480.45
"471" 3662.56 5649.18 5881.76 6200.02
"472" 5036.09 3085.13 4197.67 4808.79
"473" 5118.4 2237.68 5043.9 1966.95
"474" 3407.95 4410.69 3253.45 4091.81
"475" 5881.58 4410.12 1135.15 3146.28
"476" 3906.61 3400.55 4946.87 3704.55
"477" 4418.67 4112.63 4185.3 2165.25
"478" 6904.68 5754.93 6749.68 3801.52
"479" 4649.48 5191.01 4106.63 2876.31
"480" 4755.23 2273.89 6837.63 2393.89
"481" 4104.83 4161.46 4845.18 3444.89
"482" 5352.85 4002.44 4822.45 3801.23
"483" 5669.69 5242.51 6496.43 1697.87
"484" 2527.37 5859.04 5764.31 4805.58
"485" 5500.12 4587.1 1465.92 3802.09
"486" 2333.03 5146.49 1112.84 2427.04
"487" 5742.52 5335.01 7387.02 2100.65
"488" 4590.98 3966.97 3481.85 2935.91
"489" 4675.69 3519.39 1078.93 4228.56
"490" 6483.13 4440.38 1247.48 2374.69
"491" 4997.27 3971.74 6583.16 3756.97
"492" 5290.21 2503.05 5401.4 1374.68
"493" 4369.18 4582.1 3184.77 2644.33
"494" 6833.17 3634.13 6308.1 2552.33
"495" 4538.13 3814.76 2913.69 3064.83
"496" 5350.13 3676.33 5348.94 2564.99
"497" 5436.21 3682.34 4444.54 4048.89
"498" 3757.98 6272.71 5300.5 2770.61
"499" 4983.84 4389.88 2304.62 2917.34
"500" 4699.51 3607.59 2334.07 2430.44
"501" 3910.92 5676.92 5886.73 2618.91
"502" 5604.42 3034.15 5488.34 2026.48
"503" 3301.67 4386.9 4723.61 2429.52
"504" 4722.59 4629.12 4668.48 4832.81
"505" 5755.95 2660.95 3238.14 5350.3
"506" 4482.81 3429.24 1183.98 2580.78
"507" 3642.19 6166.57 1729.46 2385.94
"508" 806.84 5617.79 4731.13 3408.09
"509" 4225.72 3046.54 3042.35 2977.1
"510" 5246.27 4848.87 5325.57 1894.01
"511" 3425.75 3624.59 6480.35 1967.84
"512" 4798.98 4450.67 1363.8 3107.92
"513" 4539.08 5427.79 5760.8 2647.42
"514" 4071.85 2783.37 6282.23 4085.68
"515" 2439.27 3879.38 2811.43 7014.67
"516" 5747.99 3443.74 3112.74 2080.45
"517" 6373.43 4040.86 3366.04 1407.03
"518" 3268.42 3037.77 1223.47 2903.2
"519" 5085.94 4719.31 4039.07 3309.5
"520" 1966.75 5481.23 4976.48 2130.9
"521" 2882.08 2715.83 3939.46 2476.84
"522" 4866.41 5322.33 1769.83 2753.38
"523" 3252.17 3842.14 5217.05 3377.34
"524" 3966.52 3554.95 4484.9 1585.54
"525" 4643.14 4979.88 7458.38 2186.84
"526" 5042.52 5109.28 5196.04 2205.45
"527" 4533.08 5127.79 3790.53 2414.81
"528" 6166.73 7016.57 2516.33 3436.38
"529" 3404.05 3409.51 2198.12 2608.8
"530" 3461.78 3419.52 5674.75 5640.72
"531" 2658.3 3936.17 4269.07 5524.85
"532" 4939.55 4885.89 4270.12 2013.09
"533" 5640.56 3665.91 4956.57 8836.45
"534" 5345.9 7646.38 5534.37 3052.96
"535" 4831.58 4077.37 5485.53 6099.45
"536" 5683.86 4417.01 1485.8 2584.85
"537" 5588.76 6476.89 1597.41 3798.64
"538" 5403.81 6334.13 2566.68 2256.48
"539" 5500.66 5028.9 1003.8 6334.58
"540" 2794.19 4059.42 6677.13 2240.69
"541" 4393.25 3353.67 5577.5 4211.83
"542" 5488.94 3297.13 1857.45 3411.25
"543" 5354.29 5360.21 1885.2 1676.59
"544" 5068.38 6251.09 4082.53 1478.28
"545" 4413 6126.88 2594.44 3338.63
"546" 5055.87 4154.76 6559.51 5034.51
"547" 5159.91 5945.07 6065.06 3084.13
"548" 6283.22 2320.96 1483.02 7968.94
"549" 4716.92 5359.48 1692.51 3067.5
"550" 5537.28 2163.6 4965.27 3251.1
"551" 4823.56 2655.5 7489.73 1408.91
"552" 4732.18 6256.36 4218.95 3596.4
"553" 4782.75 4950.72 4291.05 2718.39
"554" 4296.6 5982.23 3224.51 3465.66
"555" 3068.74 5110.86 5433.67 2110.51
"556" 6047.91 4894.14 5059.95 5214.93
"557" 3973.59 4988.41 7241.34 2206.06
"558" 5484.21 5879.58 6523 2495.6
"559" 6129.96 4564.12 6475.97 2979.75
"560" 4277.54 4975.23 3584.47 3744.35
"561" 5967.6 5087.06 1777.55 4343.08
"562" 2329.16 6088.67 5476.56 2729.75
"563" 4119.43 2639.28 2256.17 3326.16
"564" 5991.24 2982.84 6362.42 2031.18
"565" 3953.6 3704.23 6855.6 1436.76
"566" 3462 5049.12 2943.36 1900.94
"567" 5662.25 4891.06 2429.96 2307.94
"568" 4198.47 2334.5 6761.99 5996.11
"569" 6673.08 3948.1 6224.95 8047.95
"570" 3736.45 5882.97 4429.91 3787.26
"571" 6502.1 6839.93 1057.81 4549.21
"572" 4275.89 5563.49 7490.05 4135.58
"573" 5264.22 3280.19 6538.21 1834.55
"574" 4836.31 4858.82 3026.21 2386.25
"575" 5149.87 5309.82 6251.03 3636.2
"576" 3968.09 2850.19 5660.08 2721.37
"577" 4241.15 2897.19 1036.26 1423.08
"578" 6138.12 4912.29 3047.76 1632.4
"579" 6467.51 5276.1 2512.35 1699.93
"580" 4092.52 5269.62 6465.4 3311.75
"581" 4657.23 5797.51 6598.9 4005.4
"582" 4196.4 3687.4 2055.42 4325.87
"583" 5312.47 4158.75 6993.68 2964.26
"584" 4406.72 3382.01 2841.78 3165.18
"585" 5884.25 3206.83 4248.89 1066.52
"586" 4412.74 4549.02 5226.64 3328.59
"587" 4981.19 2685.12 5545.46 3280.34
"588" 3204.87 6383.23 7454.84 2850.2
"589" 5011.79 5339.8 1530.33 3269.02
"590" 4906.16 6444.3 1712.89 2680.5
"591" 5246.7 3793.53 5840.12 2015.01
"592" 6123.05 5868.65 2420.56 5175.14
"593" 3876.98 3633.37 4900.91 2377.13
"594" 5441.44 3705.53 3541.72 5457.27
"595" 5975.63 3133.37 3503.09 2048.43
"596" 5812.08 2704.83 6013.47 3106.36
"597" 1434.98 5413.4 1692.24 3465.01
"598" 4783.81 5761.19 6625.66 4351.69
"599" 2544.54 4426.28 6325.42 988.39
"600" 3199.31 3385.13 6599.24 4943.66
"601" 6353.53 4363.26 1572.02 3367.04
"602" 3260.4 3761.37 3862.13 4160.51
"603" 6143.62 3841.54 5134.88 4173.45
"604" 5326.32 5168.44 6750.47 2800.2
"605" 4953.1 4665.83 6648.74 2779.38
"606" 5574.73 5557.05 7410.68 3972.46
"607" 3202.38 4030.99 1699.68 2766.36
"608" 5289.6 4447.3 6112.4 4422.05
"609" 5255.55 2977.45 4453.38 3037.06
"610" 6309.12 6232.32 5166.23 2971.31
"611" 5428.48 6584.74 1270.91 1106.49
"612" 3408.33 3918.33 6016 1828.79
"613" 2084.73 4071.74 5674.21 2348.54
"614" 5995.01 3419.67 5748.49 2881.38
"615" 3690.42 4210.31 5846.64 2360.64
"616" 6181.77 6440 3126.21 4284.42
"617" 4477.24 3667.83 7091.34 2512.73
"618" 3648.63 3570.76 7408.9 4583.16
"619" 3631.33 3854.15 3991.3 2164.3
"620" 2627.91 2551.43 3739.68 3541.85
"621" 6084.09 3372.37 7492.65 2062.46
"622" 2621.47 6218.91 6229.35 2984.74
"623" 4300.54 5775.04 4305.07 2033.43
"624" 5133.23 4560.3 3883.19 1100.11
"625" 4467.24 3474.17 6501.12 2250.34
"626" 2632.77 7079.54 1084.6 3955.33
"627" 4962.68 3234.63 3649.61 3953.56
"628" 6609.13 6766.89 2603.48 2098.74
"629" 4443.9 5996.13 5505.39 4163.13
"630" 5614.45 2586.61 4032.45 2968.55
"631" 6025.5 6288.41 4962.89 3735.02
"632" 6025.24 4427.68 5454.67 2301.06
"633" 4282.53 5208.95 4909.8 3525.5
"634" 5963.16 4808.71 6603.2 4021.03
"635" 4997.76 5143.13 3931.47 4264.57
"636" 3029.26 3151.25 2191.49 5029.52
"637" 2917.51 4802.65 5213.8 2635.97
"638" 5089.4 4634.68 2037.29 3501.52
"639" 5377.36 4232.5 6283.8 1603.49
"640" 6071.76 5437.57 7306.69 3836.41
"641" 5466.2 3559.08 5647 1571.44
"642" 5751.03 7110.28 1342.19 3314.71
"643" 3696.74 5367.73 5939.94 1949.95
"644" 3950.17 3534.99 6729.13 1561.43
"645" 3627.85 6075 6377.04 3036.13
"646" 4984.24 4986.14 5419.22 2993.82
"647" 4351.67 6497.9 2748.8 5223.6
"648" 4926.47 6493.28 6532.4 3755.78
"649" 4066.09 4094.45 5553.4 3847.7
"650" 3609.2 3384.85 3778.29 4424.5
"651" 4617.73 5179.27 1493.68 2914.06
"652" 5104.04 3734.11 2527.51 5550.54
"653" 3885.36 5598.04 6036.37 5004.29
"654" 3105.89 4370.41 2585.09 2496.34
"655" 3459.76 4591.73 1634.71 6717.52
"656" 1595.91 5342.14 1945.22 2936.3
"657" 4170.55 2991.89 4624.65 2206.4
"658" 3376.08 5322.93 4983.97 3054.6
"659" 3969.18 5545.99 2298.53 2043.9
"660" 3830.41 3356.21 1009.09 2474.92
"661" 3092.41 5381.95 3367.17 2462.77
"662" 4984.28 5464.88 1444.98 4470.92
"663" 4996.23 4506.48 5216.61 1884.76
"664" 6387.69 4201.22 4360.55 1957.15
"665" 5506.91 5371.92 5576.51 3191.64
"666" 2850.09 3337.44 2354.19 3502.7
"667" 4790.92 4877.12 2401.22 4617.9
"668" 5072.68 3954.31 6510.37 1733.94
"669" 5567.71 4283.97 6871.13 1784.64
"670" 3807.6 3306.25 6275.99 2817.26
"671" 6339.63 5792.64 6287.8 4254.8
"672" 4208.25 4099.07 6547.44 8478.59
"673" 6636.81 3827.39 6388.26 3852.32
"674" 4461.58 2251.89 3115.26 1575.77
"675" 4458.94 6322.82 7471.34 4252.06
"676" 5840.86 4077.29 1085.43 2380.76
"677" 1784.04 2702.09 4912.99 2073.99
"678" 5058.95 5469.31 4929.08 3417.24
"679" 6632.92 4645.24 3042.89 3216.59
"680" 4665.62 3237.63 1459.13 2435.06
"681" 3567.42 4861.9 6323.12 2539.29
"682" 6566.99 3607.78 1166.83 2499.01
"683" 3602.4 5660.77 1748.01 3092.42
"684" 3875.29 5534.02 3477.41 3230.07
"685" 5079.28 4888.42 2466.9 1704.51
"686" 5394.69 3506.54 4687.4 3003.55
"687" 3015.61 4823.71 3443.79 3765.21
"688" 2494.76 4522.02 6029.79 1564.38
"689" 5877.73 3016 5140.25 5136.86
"690" 2018.95 3700.1 6829.67 3477.96
"691" 5865.3 4306.54 5884.44 1913
"692" 5701.95 4145.71 5993.7 4083.76
"693" 5912.8 2420.38 4265.2 2087.34
"694" 5058.29 6234.8 2072.03 1472.06
"695" 4833.94 6174.19 4849.56 3085.9
"696" 5476.4 4551.16 5626.52 4472
"697" 6158.01 4469.13 2745.45 5459.13
"698" 5519.3 6007.69 2080.36 1932.13
"699" 2097.25 6714.91 1757.96 2873.5
"700" 5643.85 3178.6 5247.67 2836.3
"701" 4548.59 3377.32 3643.39 3272.76
"702" 3334.94 4959.34 3752.11 5368.41
"703" 2786.27 5108.55 5012.49 2348.27
"704" 3054.8 4528.06 5527.32 3347.34
"705" 5951.74 2940.66 2510.4 3216.8
"706" 1166.02 5213.86 1406.61 3054.14
"707" 5964.55 5196.87 6526.53 2501.83
"708" 5402.6 4419 3027.98 2438.71
"709" 3393.58 5759.92 4251.7 3364.58
"710" 5583.98 6324.75 7224.15 3207.29
"711" 4773.05 3798.16 5453.57 1652.58
"712" 4526.64 5574.85 7181.43 2294.72
"713" 3990.6 3406.79 6993.99 2560.02
"714" 5912.04 4528.84 3919.32 3129.42
"715" 5274.7 4511.45 5432.75 3665.55
"716" 3286.65 4827.16 5566.46 3586.8
"717" 5622.02 4709.78 4275.79 1921.78
"718" 4987.61 5350.42 6465.63 3495.35
"719" 5722.97 4743.63 3980.1 3452.42
"720" 6413.7 5894.51 6865.36 2258.49
"721" 5134.46 3922.95 2062.28 5734.4
"722" 6124.59 3329.71 5812.76 1477.99
"723" 4783.33 4674.68 6876 2564.72
"724" 5797.78 2849.51 6051.64 1888.45
"725" 3185.1 3853.71 4214.39 2710.26
"726" 4413.75 4404.66 1268.71 3073.95
"727" 2849.08 2731.08 1069.3 3481.77
"728" 4145.72 3703.66 3362.89 2422.25
"729" 6867.02 2474.28 1535.54 1255.25
"730" 4207.28 5099.77 2064.07 3843.65
"731" 4963.17 4980.42 4332.83 3773.27
"732" 5741.86 3530.06 2683.16 3884.44
"733" 5542.25 5286 4599.99 983.59
"734" 4092.56 5649.1 1665.42 2170.45
"735" 6132.09 3446.11 2822.52 4793.93
"736" 3128.58 2340.26 6289.85 2325.44
"737" 3924.88 5558.36 2024.8 3538.91
"738" 4064.69 6874.6 7077.33 5693.1
"739" 5450.54 3273.37 4766.18 5566.89
"740" 4912.45 4648.61 1100.41 5847.62
"741" 3401.41 7206.37 3826.22 4406.25
"742" 5191.06 4693.31 5655.72 3254.05
"743" 4811.85 4233.1 3977.84 3663.76
"744" 6549.28 2957.39 2408.7 4445.18
"745" 6239.02 5455.27 2934.76 4611.23
"746" 2866.44 6822.79 4889.4 2012.12
"747" 5380.18 3459.94 4244.35 4032.89
"748" 1930.17 7895.39 1085.54 4250.85
"749" 6631.17 4649.02 3490.78 5037.71
"750" 4356.14 2353.19 4773.71 2619.04
"751" 4113.17 5664.8 6572.6 1319.81
"752" 2201.16 4154.25 5363.3 1430.26
"753" 4260.17 3463.87 3046.71 3936.91
"754" 4413.4 5670.3 3020.05 2676.96
"755" 5261.05 6198.04 6356.8 2617.94
"756" 5757.29 6120.32 3591.81 2264.19
"757" 5226.45 5559.17 2139.05 3163.88
"758" 5828.8 4884.93 5168.07 3318.56
"759" 6176.92 4418.69 7275.61 2642.13
"760" 5575.94 2185.47 4293.76 4357.7
"761" 6328.92 5044.18 2537.31 6589.37
"762" 2529.04 5214.49 3697.83 3639.83
"763" 2315.2 4660.84 4353.19 2157.83
"764" 6320.09 4352.32 4098.41 3068.16
"765" 3395.94 3844.17 2125.71 2885.29
"766" 5131.76 3622.95 1616.23 4150.15
"767" 4532.17 5047.81 3412.47 3289.22
"768" 2718.31 4055.29 4765.57 1777.58
"769" 5273.45 2944.91 2828.26 2105.11
"770" 6196.85 5756.33 6648.04 2139.55
"771" 6254.43 4211.62 2247.46 3542.51
"772" 5228.93 5973.96 2047.66 1818.47
"773" 3493.67 2634.11 3067.77 1923.27
"774" 5340.95 4250.06 6752 2056.99
"775" 5266.17 2961.24 6228.39 3502.99
"776" 4999.38 6598.25 7020.14 1809.65
"777" 5193.19 3846.38 6544.93 1481.93
"778" 5543.39 5784.28 3910.3 1783.99
"779" 4656.9 6636.95 2137.13 2681.93
"780" 3306.56 5030.88 7411.32 4124.02
"781" 4078.72 5482.74 6336.64 4240.19
"782" 4212.85 3362.27 3098.85 3526.54
"783" 4999.14 2561.88 3711.02 4277.76
"784" 6500.42 6782.58 1775.57 3301.61
"785" 2266.49 4361.94 5877.23 4177.76
"786" 2495.36 5377 3984.78 3080.66
"787" 2271.16 5144.25 6935.59 2265.23
"788" 3341.01 4254.75 1244.44 4866.79
"789" 6609.24 6341.53 4335.05 3057.44
"790" 4387 4339.28 3411.48 2732.4
"791" 1569.42 5223.23 3472.11 4040.96
"792" 6470.89 3180.68 7023.82 4976.07
"793" 2793.59 3237.69 4599.31 2791.47
"794" 5909.44 3787.89 1622.31 3739.79
"795" 3491.12 6058.72 1152.23 3761.48
"796" 5297.2 5452.67 5477.09 5993.08
"797" 4639.06 5835.28 5284.66 2943.64
"798" 4616 2470.47 4338.93 5681.08
"799" 4615.82 5344.71 3186.6 1645.62
"800" 5651.9 5187.44 1232.97 3990.1
"801" 2681.6 5226.82 4267.88 3508.17
"802" 4301.7 4644.52 5922.81 3562.08
"803" 4145.9 5666.33 2905.84 2621.09
"804" 5836.02 4041.82 5927.23 4186.11
"805" 4939.46 2938.61 6461.69 3725.49
"806" 5978.45 5483.64 4829.39 2339.18
"807" 5857.92 3941.16 5836.17 3606.63
"808" 5540.78 5100.83 6909.48 1628.04
"809" 3866.16 5580.61 1328.29 2249.65
"810" 3465.1 5950.15 4433.25 2891.69
"811" 4358.73 2910.03 2766.51 2782.41
"812" 6168.73 4670.93 3813.25 1752.84
"813" 6777.57 2110.22 4196.03 3229.25
"814" 5190.42 3334.22 5369.57 2588.72
"815" 4870.5 2283.83 2245.66 5812.76
"816" 5839.58 4521.15 3116.05 1158.07
"817" 3949.86 4862.44 5248.6 2992.95
"818" 5171.98 4653.65 6015.91 3115.84
"819" 6055.65 4401.89 6754.77 2240.45
"820" 3524.87 5225.68 7352.83 2613.46
"821" 6358.36 4890.05 2959.99 2798.3
"822" 6375.12 4795.97 5095.36 3978.96
"823" 3251.77 4537.67 1123.3 4566.2
"824" 4253.7 4017.61 2925.06 3414.27
"825" 5963.79 3624.58 6062.26 3617.15
"826" 3905.9 2176.4 5108.98 4222.9
"827" 4981.14 2701.29 3913.44 3153.14
"828" 5950.86 2551.17 5402.89 3675.19
"829" 5683.03 4045.81 4709.13 2842.64
"830" 5960.93 4630.87 4976.55 4998.75
"831" 3896.02 2448.38 3789.17 4639.29
"832" 3274.52 3086.41 5949.46 2318.41
"833" 5410.17 4928.65 4239.13 2726.38
"834" 2935.71 2578.79 1121.63 3624.74
"835" 5862.79 5381.61 5171.37 3441.99
"836" 5785.43 4629.01 4595.24 2678.93
"837" 4850.84 2416.35 6470.73 3230.65
"838" 4704.11 6301.29 6300.46 6784.67
"839" 5435.97 5071.01 3340.34 4614.44
"840" 5357.3 4091.58 6658.3 2771.85
"841" 4823.94 4566.12 3957.22 2903.75
"842" 5233.28 4805.29 4745.51 3257.42
"843" 5298.16 3229.84 2789.68 3936.87
"844" 5452.25 4485.78 3274.24 4441.01
"845" 3128.26 3430.77 6510.86 3228.79
"846" 5475.74 3841.66 5226.19 3558.81
"847" 4657.76 5847.23 4012.93 2503.3
"848" 5434.41 5162.8 2650.67 2850.82
"849" 6126.14 5313.48 6353.77 1497.64
"850" 6640.46 5664.8 6639.56 3463.98
"851" 4799.76 4024.66 7041.74 3814.15
"852" 5186.07 6279.51 4952.62 6437.36
"853" 3297.39 5152.3 3061.59 2189.13
"854" 6242.67 4193.25 6855.31 2018.72
"855" 6673.3 4642.82 1148.3 2169.34
"856" 1757.2 2390.09 6543.76 7031.82
"857" 6283.28 4526.58 4909.27 5701.93
"858" 4241.12 5570.61 6045.12 2918.32
"859" 3995.14 5432.56 1927.9 2756.16
"860" 5263.54 6364.19 2526.16 2737.67
"861" 2100.89 5642.77 4396.22 6606.82
"862" 5922.62 5030.2 3470.05 2896.13
"863" 6810.2 4570.31 7187.9 3013.29
"864" 6531.99 4025.06 2799.92 4095.62
"865" 4209.05 4920.71 6484.25 2238.12
"866" 6536.75 2858.49 5961.65 2257.26
"867" 5381.31 3683.99 3906.41 2767.18
"868" 4978.39 1392.27 7328.62 2447.53
"869" 3411.23 5052.59 3122.97 6074.23
"870" 4206.64 3828.65 5409.74 2809.09
"871" 4021.8 6063.37 3889.9 3104.2
"872" 4009.75 4212.07 5806.61 2839.05
"873" 6547.11 4679.86 1677.38 3444.3
"874" 5648.64 5300.06 1956.39 1962.08
"875" 5262.7 7262.57 4710.87 3330.73
"876" 4434.82 6206.25 6403.68 2442.93
"877" 5035.11 6392.01 4961.78 2192.8
"878" 2384.47 5692.53 6594.78 2156.16
"879" 4697.86 4535.15 3904.39 2964.05
"880" 6534.11 5402.89 6057.83 6309.51
"881" 5044.14 4889.41 6302.96 1798.61
"882" 5732.94 4780.67 1905.07 1879.9
"883" 5856.23 4407.8 3896.93 3065.79
"884" 6236.92 1868.92 4339.05 3658.55
"885" 5757.71 3642.79 2325.3 2314.18
"886" 4876.51 5611.66 5582.49 2695.11
"887" 5507.01 5800.5 5153.03 5622.55
"888" 4688.8 4941.7 2434.56 3719.44
"889" 4573.63 4959.34 4020.92 3399.07
"890" 2817.4 5816.13 5977.57 5991.68
"891" 5073.17 4114.66 6152.96 2767.57
"892" 3945.29 2893.78 5378.66 5215.62
"893" 3322.62 3365.73 1309.7 2010.29
"894" 6619.74 4636.6 2368.85 3106.91
"895" 6535.76 3902.27 6112.79 2956.38
"896" 6564.47 5407.63 1484.92 3512.63
"897" 5665.71 4907.86 4977.16 2594.45
"898" 4104.11 4058.68 4790.66 2188.07
"899" 4573.84 7859.5 1582.93 1288.62
"900" 4865.28 3442.13 2852.44 3719.94
"901" 4216.91 4547.34 3332.92 5280.15
"902" 4218.52 5216.54 2679.89 2614.22
"903" 5022.07 5617.24 6103.61 2653.59
"904" 2882.32 4748.38 3694.63 3750.93
"905" 3669.65 5312.05 7354.12 3734.86
"906" 4082.26 3663.49 2636.97 4003.16
"907" 4101.44 4657.18 5922.96 3186.58
"908" 4266.64 2076.67 1352.12 4631.08
"909" 4851.45 2629.5 6193.68 4252.63
"910" 4824.93 2702.78 6412.61 3902.08
"911" 4683.72 4549.73 6927.68 2802.87
"912" 2835.34 5963.75 4026.45 1248.93
"913" 2682.18 3443.98 6108.75 1922.35
"914" 6058.45 3261.56 7373.28 3523.43
"915" 3195.01 3163.86 1111.72 3107.51
"916" 4978.69 6145.18 7457.32 2686.86
"917" 2099.15 4505.06 3328.05 1233.52
"918" 5120.56 3361.14 6263.57 1199.62
"919" 4557.56 6213.31 3630.81 3895.69
"920" 2739.38 2934.57 1282.72 2435.87
"921" 4038.74 3464.67 3109.13 5519.7
"922" 5355.9 5276.46 2220.93 2001.69
"923" 3253.97 5934.07 6609.17 3008.92
"924" 4789.19 2009.9 6748.11 4017.68
"925" 3433.27 3635.84 6184.92 2121
"926" 5534.4 4884.85 1281.31 3921.18
"927" 5655.43 5614.01 4665.15 3675.56
"928" 5712.46 4948.71 4019.45 4200.09
"929" 5983.38 6000.36 7466.01 1599.68
"930" 4230.81 4980.88 4565.26 3340.41
"931" 5695.41 4029.82 5675.17 2107.06
"932" 3798.08 5359.73 4171.18 2404.68
"933" 4548.85 3293.55 2159.67 4581.68
"934" 3849.07 5364.08 6998.86 2851.19
"935" 3342.11 4327 2393.72 3010.56
"936" 5390.76 4814.67 5204.59 4401.75
"937" 4234.32 4740.55 1227.04 2676.39
"938" 5510.87 3428.2 5345.71 3455.46
"939" 4665.11 5981.49 1952.03 5356.5
"940" 3842.41 745.38 6297.84 2465.13
"941" 4364.68 3340.9 7092.33 1685
"942" 5359.84 3300.06 3184.86 2391.15
"943" 2306.84 5286.36 3961 3210.03
"944" 4149.5 5859.27 5369.22 3393.18
"945" 4623.48 5235.33 4023.72 1979.68
"946" 5705.66 5047.38 5792.88 3058.64
"947" 6428.42 5751.8 6157.24 2134.23
"948" 6657.62 3586.87 6626 2093.29
"949" 3871.08 5035.84 4264.48 3733.65
"950" 3060.51 4653.25 3254.48 2895.85
"951" 5202.39 5847.9 3589.38 5378.6
"952" 6228.79 4323.8 2622.07 1360.92
"953" 5525.63 5252.52 5975.06 5857.72
"954" 6588.78 2559.32 4109.02 2862.7
"955" 4095.28 5336.88 4277.71 4612.07
"956" 2147.27 3961.19 2139.7 2803.94
"957" 2877.1 5305.07 2786.92 3174.17
"958" 4340.76 3494.77 5285.5 1898.16
"959" 5132.05 3324.81 2079.84 1441.55
"960" 4807.38 3227.97 1337.88 3389.52
"961" 2480.29 4946.52 4327.43 1456.63
"962" 4897.28 4461.32 6848.13 3721.1
"963" 3807.29 5703.97 1811.46 4932.08
"964" 6304.05 5104.18 4074.19 1888.95
"965" 4582.31 5706.39 3558.73 7467.15
"966" 5146.14 5432.91 4705.21 2932.15
"967" 6602.08 3227.99 4779.74 3049.82
"968" 5450.2 5342.37 2331.7 4772.89
"969" 3042.14 4328.85 2236.14 4899.66
"970" 4985.32 2557.78 4684.56 3493.49
"971" 6037.02 6000.62 4057.52 3884.77
"972" 5153.83 5664.98 3637.72 5758.72
"973" 4902.87 4410.92 1433.91 2738.28
"974" 5869.33 6142.26 1320.8 4108.22
"975" 3758.8 2858.85 4348.03 3614.54
"976" 4811.74 5729.36 5811.79 3818.28
"977" 5282.82 5260.58 4072.51 3709.6
"978" 6712.07 5313.66 5102.31 1868.68
"979" 2573.05 5594.87 5569.06 1947.72
"980" 4146.62 5023.85 6288.41 2183.87
"981" 3132.81 4245.03 2156.64 2843.64
"982" 1909.85 4189 5791.85 2229.32
"983" 5024.77 6891.09 3547.69 2745.6
"984" 2678 5869.45 3881.26 3227.93
"985" 2396.26 3706.96 7104.54 7085.96
"986" 3180.43 5509.86 3231.71 5466.74
"987" 5824.67 5022.96 4366.58 1556.96
"988" 4660.69 5347.19 3310.89 2258.49
"989" 5592.45 3654.08 5919.38 5054.41
"990" 5625.75 2231.87 7099.83 2028.83
"991" 3096.01 4032.4 5948.28 3221.61
"992" 6679.65 3544.67 4843.48 1818.98
"993" 3632.56 2757.6 2568.21 3273.01
"994" 5036.4 3425.29 6825.07 1998.25
"995" 4348.06 4162.37 1378.04 6336.01
"996" 4180.21 2303.26 1162.27 2385.16
"997" 4656.16 4162.74 5079.64 4197.56
"998" 6538.86 6160.02 6860.83 2281.13
"999" 6407.47 4410.63 3853.55 2597.24
"1000" 5485.03 1957.34 6507.59 3859.73
